150 550
41.4002 198.664 6.07797 -8.95502
61
0 60 3
66.8333 60 3
133.667 60 3
200.5 60 3
267.333 60 3
334.167 60 3
401 60 3
467.833 60 3
534.667 60 3
601.5 60 3
668.333 60 3
735.167 60 3
0 82 3
66.8333 82 3
133.667 82 3
200.5 82 3
267.333 82 3
334.167 82 3
401 82 3
467.833 82 3
534.667 82 3
601.5 82 3
668.333 82 3
735.167 82 3
0 104 3
66.8333 104 3
133.667 104 3
200.5 104 3
267.333 104 3
334.167 104 3
401 104 3
467.833 104 3
534.667 104 3
601.5 104 3
668.333 104 3
735.167 104 3
0 126 2
66.8333 126 2
133.667 126 2
200.5 126 2
267.333 126 2
334.167 126 2
401 126 2
467.833 126 2
534.667 126 2
601.5 126 2
668.333 126 2
735.167 126 2
0 148 1
66.8333 148 2
133.667 148 1
200.5 148 2
267.333 148 2
334.167 148 2
467.833 148 2
534.667 148 2
668.333 148 2
735.167 148 2
66.8333 170 1
534.667 170 2
735.167 170 1
